1 63
2 71
3 22
4 58
6 98
7 66
8 46
9 19
11 89
12 48
13 70
14 42
15 74
16 8
17 38
18 40
19 81
20 22
21 19
22 -1
23 79
24 76
25 75
26 35
27 -1
28 29
29 5
30 17
31 92
32 87
33 90
34 7
35 38
36 27
37 10
38 56
39 17
40 97
41 12
42 73
43 6
44 86
45 19
46 75
47 17
49 49
50 15
51 80
52 92
53 52
54 7
55 99
56 20
57 88
58 61
59 30
61 99
62 -1
63 63
64 8
65 46
66 4
67 95
69 82
70 65
71 12
72 21
73 75
74 10
75 -1
76 73
77 14
78 3
80 91
82 22
83 83
84 25
85 21
86 86
87 55
89 60
90 16
91 64
92 96
93 47
94 58
95 31
96 67
97 60
98 17
99 23
100 55
