1 69
2 90
3 38
4 55
5 59
6 26
7 84
8 86
9 79
10 26
11 -1
12 66
13 91
14 3
15 14
16 99
17 98
18 26
19 80
20 56
21 76
22 48
23 20
24 36
25 34
26 78
27 10
28 64
29 29
30 2
31 66
32 54
33 -1
34 93
35 68
36 94
37 63
39 62
40 8
41 71
42 38
43 24
44 38
45 -1
46 72
47 19
48 44
49 85
50 91
51 95
52 4
53 68
54 14
55 94
56 86
57 84
58 91
60 59
61 54
62 32
63 14
64 66
65 80
66 99
67 65
68 3
69 23
70 19
71 49
72 30
73 24
74 94
76 67
77 74
78 51
79 28
80 17
82 14
83 52
84 55
85 84
86 61
87 26
89 48
90 31
91 61
