1 85
2 12
3 53
4 44
5 32
7 40
8 73
9 14
10 40
11 87
12 99
13 79
14 54
15 37
16 52
17 45
18 38
19 35
20 25
21 63
23 52
24 54
25 44
26 96
27 57
29 12
30 18
31 49
32 5
33 53
34 42
35 1
36 92
37 23
38 74
39 92
40 91
41 96
42 39
44 7
45 93
47 25
48 93
49 64
50 4
51 92
52 6
53 34
54 74
55 81
56 -1
57 46
58 83
59 28
60 70
61 85
62 30
63 69
64 100
65 60
66 45
67 95
68 18
69 80
70 38
71 0
72 77
73 44
74 51
75 35
76 78
77 32
78 45
79 4
80 33
81 72
82 2
83 59
84 66
85 63
86 66
87 95
88 52
89 66
91 56
92 45
93 23
94 73
95 67
96 77
97 77
98 38
99 34
100 36
