1 63
3 61
4 43
5 30
6 91
7 4
8 82
9 52
10 79
11 62
12 94
13 55
15 3
16 44
17 95
18 58
19 66
20 92
21 89
22 91
23 38
24 73
25 32
26 27
27 73
28 14
29 64
30 83
32 76
34 53
35 55
37 43
38 94
39 63
40 30
41 79
42 4
43 87
44 30
45 24
46 39
47 93
48 26
49 7
51 20
52 91
53 91
54 42
55 92
56 80
57 29
58 55
59 78
60 56
61 30
62 59
63 37
64 56
65 63
66 22
67 16
68 96
69 94
70 95
71 70
73 28
75 51
76 55
77 27
79 67
80 65
81 86
83 88
84 95
85 49
87 27
88 24
89 85
90 40
91 37
92 12
93 31
94 11
95 51
96 49
97 41
98 15
99 53
100 24
