1 58
2 43
3 5
4 30
5 44
6 99
7 51
8 12
9 77
10 16
11 31
13 11
14 22
15 56
16 72
17 61
18 86
19 40
20 47
22 39
23 17
24 11
25 70
26 52
27 54
28 10
29 14
30 23
32 22
33 86
34 83
35 95
36 75
37 46
39 25
40 95
41 85
42 31
44 78
45 100
46 22
47 70
48 42
49 43
50 94
51 12
52 54
53 80
54 9
55 59
56 83
57 28
58 19
59 19
60 80
61 66
62 -1
63 69
64 60
65 79
66 66
67 81
68 84
69 71
70 40
71 57
72 92
73 73
74 20
75 57
76 23
77 65
78 79
79 16
80 50
81 1
82 1
83 70
85 66
86 53
87 4
88 71
89 91
90 23
91 44
93 67
94 98
95 30
96 58
97 20
98 12
99 53
100 10
