1 48
2 68
3 47
5 98
6 67
7 26
8 97
9 67
10 76
11 11
12 35
13 90
14 75
15 13
16 65
17 56
18 40
19 28
20 78
21 32
22 68
23 100
24 97
25 27
26 96
27 39
28 59
29 13
30 51
31 63
32 5
34 65
36 83
37 99
38 26
39 47
40 19
41 26
42 21
44 78
46 54
47 31
48 87
49 80
50 16
51 7
52 25
53 0
54 3
55 67
56 78
57 81
58 36
59 6
60 13
61 22
62 0
63 7
64 -1
65 3
66 66
68 68
69 99
71 70
72 18
73 52
75 81
76 98
77 45
78 42
79 80
80 83
81 35
82 75
85 98
86 42
87 94
88 37
89 54
90 39
91 42
92 9
93 37
94 35
95 100
96 43
97 35
98 53
99 93
100 56
