1 70
2 40
3 4
4 12
5 77
6 40
7 18
8 70
9 38
10 83
11 17
12 31
13 87
14 43
15 31
16 85
17 5
18 29
19 6
20 64
21 55
22 40
23 39
24 78
25 2
26 63
27 60
29 55
30 22
31 72
32 16
33 87
34 18
35 90
36 70
37 67
38 26
39 31
40 40
41 13
42 46
43 85
44 97
45 77
46 41
47 62
48 37
49 3
50 51
51 12
53 29
54 9
56 100
57 8
58 89
59 87
60 89
61 53
62 34
63 27
64 81
65 34
66 36
68 77
69 54
70 -1
71 60
73 32
74 5
75 21
77 55
78 55
79 67
80 54
81 83
82 60
83 53
84 73
85 62
86 57
87 13
88 58
89 44
90 97
91 43
93 67
94 0
96 91
97 1
99 99
100 67
