1 12
2 94
3 79
4 81
5 1
6 89
7 74
9 95
10 21
11 91
12 89
13 -1
14 72
15 29
16 38
17 97
18 6
20 21
24 52
25 38
27 17
28 38
30 49
31 83
32 3
33 36
34 72
35 13
36 -1
37 12
39 47
40 22
41 1
42 62
43 7
44 72
46 -1
47 63
48 67
49 64
50 92
51 73
52 45
53 84
54 5
55 7
56 40
58 87
59 37
61 83
62 85
64 24
65 23
66 75
67 8
69 34
70 43
71 95
72 86
73 87
74 24
75 76
76 23
77 4
78 39
79 71
80 52
81 2
82 59
83 74
84 78
85 40
86 37
87 98
88 27
89 46
90 40
91 7
92 92
93 83
94 72
95 93
96 3
97 3
98 83
99 -1
100 52
