1 98
3 15
4 52
5 90
7 56
8 32
10 88
11 89
12 27
13 52
14 93
15 40
16 80
17 19
18 23
19 14
20 31
21 64
22 32
23 88
24 60
25 61
26 69
27 94
28 99
29 75
30 93
32 19
33 7
34 67
35 83
36 0
37 1
39 47
40 67
41 100
42 20
43 2
44 81
45 26
46 47
47 48
48 22
49 51
50 23
51 13
52 4
53 28
54 44
55 90
56 75
57 80
59 42
60 9
61 74
62 46
63 7
64 94
65 18
66 27
67 37
68 68
69 45
70 92
71 2
72 81
73 92
74 14
75 28
76 83
77 1
80 54
81 81
82 68
83 81
84 34
85 49
86 36
87 7
88 18
89 7
90 72
91 46
93 74
94 56
95 66
97 40
98 46
99 97
100 90
