3 73
4 27
5 48
7 3
8 28
9 46
10 38
11 33
12 92
13 3
14 56
15 20
17 48
18 49
19 40
20 7
21 79
22 56
23 18
24 96
25 56
26 46
27 32
28 17
29 70
30 41
31 44
32 -1
33 42
34 6
35 29
36 59
37 78
38 33
39 57
40 33
41 2
42 2
43 5
44 88
45 31
46 39
47 1
48 34
49 99
50 72
51 13
52 57
53 72
54 84
55 85
56 91
57 76
58 86
59 2
60 23
61 90
62 77
63 98
64 70
65 7
66 67
67 39
68 97
69 33
70 25
71 90
72 22
73 43
74 16
75 100
76 61
77 46
78 78
79 91
80 -1
81 72
82 4
84 79
86 1
87 87
88 12
89 16
90 82
91 91
92 20
93 38
94 50
95 29
96 56
98 58
100 29
