1 23
2 62
3 25
4 2
5 35
6 39
8 31
9 57
10 61
11 5
12 1
13 11
15 4
16 14
17 6
18 55
19 40
20 74
21 80
22 92
25 29
26 25
27 58
28 33
29 25
30 9
31 38
32 41
33 20
34 49
35 54
36 -1
37 100
38 93
39 0
40 28
41 69
42 42
43 37
44 100
45 25
46 87
47 34
48 8
49 66
50 37
51 51
52 12
53 82
54 55
55 40
56 26
57 63
58 83
59 40
60 75
62 56
63 9
64 65
65 26
66 27
67 17
68 100
70 3
72 45
73 74
74 36
75 20
77 93
78 36
79 59
80 68
81 16
82 49
83 13
84 49
85 91
86 27
87 55
88 88
90 48
91 94
92 83
93 81
94 100
95 53
96 34
97 75
98 82
99 89
100 56
