1 34
2 50
3 95
4 30
5 29
6 -1
7 78
8 88
9 20
10 0
11 32
12 60
13 47
14 2
15 60
16 69
17 11
18 6
19 85
20 50
22 27
23 3
24 5
25 35
26 81
27 43
28 11
29 46
30 81
31 51
32 11
33 98
34 17
35 42
36 91
38 83
39 -1
40 94
41 94
42 83
43 78
44 92
45 67
46 5
47 47
48 29
49 79
50 85
51 94
53 94
54 34
55 7
56 71
57 12
59 94
60 4
61 68
62 41
63 22
64 56
65 66
66 9
67 89
68 62
70 65
71 35
72 32
73 98
75 45
76 20
77 62
79 32
80 -1
81 -1
82 98
83 7
84 7
85 86
86 28
87 95
88 66
89 37
90 92
91 12
92 43
94 15
95 3
96 33
97 80
100 80
