1 46
2 81
3 80
4 9
5 29
6 84
7 36
8 48
9 22
10 57
11 61
14 53
15 7
17 66
19 70
20 83
21 24
22 40
23 37
24 36
25 78
26 99
27 46
28 17
29 15
30 52
31 37
32 38
33 94
34 98
36 33
37 78
38 89
39 45
40 73
41 12
42 61
43 40
44 32
45 81
46 53
47 44
48 56
50 15
51 45
52 68
54 57
55 83
56 50
57 -1
58 56
59 23
61 63
62 13
63 90
64 74
65 49
66 0
67 29
68 28
69 33
70 90
72 57
73 69
74 87
75 35
76 91
77 90
78 84
79 5
80 0
81 85
82 87
83 83
84 9
85 100
86 26
87 36
88 15
89 20
90 4
91 46
93 79
94 65
95 74
96 96
97 22
98 1
99 5
100 58
