1 32
2 65
3 71
4 37
6 0
8 -1
10 31
11 33
12 66
14 73
15 10
16 98
17 100
18 48
21 87
22 11
23 29
24 28
26 53
27 83
28 91
29 69
30 21
31 85
32 8
33 63
34 85
35 63
36 24
37 53
38 2
39 18
40 10
41 99
42 17
43 52
44 73
45 70
46 26
47 82
49 57
50 9
51 27
52 42
53 88
54 61
55 52
56 69
58 51
59 95
60 90
61 70
62 96
63 31
65 60
66 23
67 45
68 78
69 0
70 60
71 89
72 74
73 18
74 18
75 73
76 74
77 89
78 69
79 -1
80 37
81 56
82 35
83 92
84 45
85 21
86 7
87 43
88 39
89 24
90 75
92 -1
93 72
94 81
95 13
96 66
97 46
98 11
99 58
100 38
