1 68
2 20
3 35
4 13
5 95
6 3
7 43
8 61
9 100
10 91
11 66
12 90
13 32
14 69
15 41
16 64
18 80
19 73
20 57
21 43
22 63
24 75
25 66
26 11
27 95
28 1
29 10
30 39
31 60
33 0
34 6
35 4
36 13
37 72
38 47
39 20
40 10
42 27
43 61
44 41
45 83
46 11
47 86
48 11
50 78
51 28
53 42
54 69
55 10
58 14
60 22
61 64
62 99
63 -1
64 30
65 99
66 14
67 83
68 17
69 22
70 56
71 89
73 21
74 22
75 48
76 83
77 69
78 40
79 13
81 30
82 -1
83 71
84 17
85 91
86 26
87 15
89 73
90 31
91 18
92 14
93 49
94 82
95 99
96 65
97 66
98 26
99 94
100 79
