1 91
2 81
3 69
4 23
5 83
6 85
8 75
9 89
10 41
11 51
12 38
13 59
14 1
15 15
16 37
17 66
18 74
19 29
20 29
21 83
22 54
23 38
24 99
25 7
26 57
27 43
28 46
29 96
30 0
31 53
32 61
33 23
34 4
35 33
36 55
37 83
38 57
39 75
40 37
41 9
43 99
44 99
45 88
46 4
47 30
48 98
49 52
50 31
51 14
52 17
53 36
54 55
55 13
56 78
57 42
58 10
59 38
60 14
61 11
62 33
63 24
64 16
66 35
67 74
68 47
69 8
70 24
71 4
72 23
73 93
74 52
75 69
76 74
77 63
78 21
79 87
80 49
81 19
82 2
83 22
84 87
85 -1
86 10
87 21
88 36
89 18
90 21
91 25
92 16
93 66
94 20
95 4
96 74
98 40
99 83
100 34
