2 19
3 23
4 17
6 88
7 89
8 30
9 3
10 19
11 70
12 83
13 33
14 91
15 66
16 52
17 7
18 35
19 1
20 35
21 4
22 16
23 41
24 36
25 15
26 81
27 3
28 2
29 30
30 21
32 67
33 29
34 12
35 6
36 93
37 29
38 35
39 62
40 7
41 61
42 96
43 28
44 31
45 23
46 9
47 80
48 99
51 49
52 71
53 95
54 79
55 31
56 5
57 22
58 89
59 87
61 91
62 11
63 75
64 0
65 -1
66 65
67 66
68 99
69 27
70 14
71 78
72 54
73 41
74 80
75 58
76 55
77 47
78 73
79 59
80 6
81 10
82 7
83 73
84 5
85 100
86 28
87 8
88 32
89 83
90 84
91 97
92 37
93 39
94 67
96 4
97 55
98 29
99 49
100 22
