1 7
2 60
5 64
6 52
7 9
9 16
10 72
11 96
12 56
13 99
14 37
15 70
16 50
17 49
18 45
19 75
20 80
21 90
22 12
23 17
24 37
25 35
26 15
27 71
28 94
29 72
30 77
31 56
32 4
33 12
34 99
35 61
36 54
37 92
38 76
39 47
40 4
41 71
42 32
43 84
44 16
45 85
47 48
48 36
49 4
50 92
52 59
54 50
55 36
56 30
57 46
58 65
59 24
60 6
61 89
62 9
63 92
64 31
65 7
66 55
67 -1
68 92
69 56
70 86
71 24
72 79
73 89
74 59
75 4
76 58
77 8
78 4
80 15
81 94
82 69
83 76
84 74
85 5
86 38
87 57
88 -1
89 36
91 75
92 73
93 5
94 86
95 39
96 92
97 13
98 27
100 75
