1 100
2 23
3 53
4 2
5 84
6 11
8 24
9 58
10 80
11 54
13 18
14 36
15 85
17 43
18 17
19 47
20 49
21 20
22 97
23 89
24 95
25 57
26 3
28 21
29 3
30 39
31 45
32 56
33 71
34 39
35 70
36 59
37 72
38 12
39 58
40 61
41 68
42 72
43 56
44 74
45 43
46 53
47 16
49 80
50 16
51 14
52 98
53 72
55 70
56 -1
57 64
58 48
60 80
61 11
62 29
63 79
64 7
66 92
67 9
68 88
69 69
70 79
71 63
72 40
73 25
74 44
75 52
76 48
77 78
78 67
79 41
80 16
81 71
82 20
83 96
84 37
85 80
86 61
87 22
90 88
91 85
92 60
93 32
94 85
95 -1
96 39
97 51
98 5
99 88
100 48
