91 -142 -50 -32 -10 -130 -7 -129 -28 86 21 4 -47 -44 -98 -26 90 -103 3 -49 8 -9 102 115 125 81 -37 -91 -72 56 -64 -91 -77 -103 -111 -62 -55 18 -102 -34 27 54 45 34 -45 -13 -21 -111 -41 -32 95 81 -47 56 -85 6 -2 97 -46 -80 18 -117 -7 -70 -79 30 -68 16 -92 -9 41 52 103 -15 -25 -32 -108 -101 31 54 110 -57 62 -43 -63 86 12 24 75 75 -10 131 79 142 -21 -32 -29 58 -84 180
127 117 83 203 155 97 34 50 75 29 33 49 18 63 68 202 183 149 126 168 135 126 -52 112 -1 85 196 -94 42 16 172 48 30 138 182 111 111 89 64 71 170 122 279 59 135 215 121 134 133 96 103 215 96 179 126 113 46 67 159 195 40 78 -63 56 38 121 82 -46 145 200 19 121 138 97 51 116 75 219 -17 97 120 80 -35 225 134 231 -10 97 92 161 99 85 157 -78 43 -54 91 89 64 155
2 141 52 126 110 284 99 248 -43 116 39 -23 -17 -81 3 90 48 271 191 91 89 116 164 89 35 109 140 66 63 144 101 104 156 -32 175 168 -28 -26 71 -72 198 97 16 151 92 -10 146 70 52 209 42 266 297 111 86 111 -14 -40 233 52 35 268 183 198 207 -30 14 76 140 147 57 63 190 -40 224 170 165 146 104 129 -101 29 -8 148 114 176 119 98 79 -11 183 58 146 118 80 204 -8 194 102 -29
104 23 166 111 115 84 226 103 84 190 45 74 91 -16 43 92 40 -6 32 115 42 162 104 112 169 144 183 236 106 255 24 238 53 118 84 179 -26 207 85 235 100 56 5 -26 169 -7 165 8 54 -79 139 86 58 24 138 56 219 2 -11 11 78 172 151 132 122 51 47 -48 162 80 211 73 131 124 179 9 227 29 71 221 3 152 135 1 168 3 139 242 85 140 141 41 -34 170 24 -45 77 126 97 31
201 318 228 94 -18 72 135 107 246 48 41 112 36 146 213 43 84 -40 103 -44 167 110 85 107 98 113 0 131 24 175 101 113 113 313 133 145 178 179 56 177 108 145 76 136 38 145 -12 61 5 -13 203 -51 51 89 72 151 159 40 142 81 -2 -43 184 142 230 239 164 129 123 56 -62 202 62 155 99 143 28 153 54 28 124 160 199 298 97 86 168 145 127 102 -2 -4 82 145 187 70 220 98 -12 -11
146 183 26 70 -114 213 -35 279 223 63 260 136 227 198 48 87 86 197 171 49 107 13 246 198 26 34 107 52 71 -89 153 -13 230 31 105 38 43 127 44 -11 17 71 86 49 256 172 164 199 -26 183 28 170 182 200 168 18 158 184 124 150 8 97 13 9 234 133 14 116 -52 141 27 145 1 122 91 -51 40 126 18 9 83 156 11 148 185 -5 159 -62 43 143 180 184 160 227 150 268 139 -26 172 114
235 -18 152 55 189 51 176 92 163 158 93 188 220 84 189 175 191 202 2 69 110 253 114 67 25 56 81 48 218 165 49 25 137 -60 -46 -12 230 124 136 109 121 23 63 78 -12 31 42 174 95 159 87 26 40 0 125 131 35 95 63 191 45 210 101 146 142 -34 96 106 31 81 -1 -34 108 42 114 -87 197 24 61 -17 0 164 127 78 -9 73 46 46 75 49 178 144 108 48 41 -66 127 118 208 191
-7 92 88 27 149 42 44 -45 101 85 41 175 138 150 131 20 190 26 69 201 61 76 17 8 98 66 110 129 135 125 86 125 40 172 63 111 173 102 309 -33 271 -47 173 99 200 27 128 47 207 -11 100 -58 144 199 -19 200 -72 84 102 59 99 170 139 87 122 99 157 188 208 11 220 121 159 287 178 227 169 40 131 -66 -41 27 155 56 -22 154 79 153 125 137 -28 -18 45 77 118 11 69 142 51 53
72 44 194 17 88 112 37 143 96 75 144 -22 145 26 151 -21 13 275 12 79 -2 -87 -42 141 -33 282 166 12 81 -57 132 89 56 135 134 97 103 193 104 79 6 103 69 150 38 141 30 -8 169 -89 73 45 71 -35 239 37 304 -7 132 -56 53 26 172 147 93 179 126 104 348 137 302 108 177 304 139 181 67 335 49 131 110 152 100 164 20 59 211 139 180 38 86 12 119 33 -68 112 -89 172 67 179
198 175 169 158 51 166 234 160 239 65 107 4 -41 16 46 110 99 84 21 73 -13 102 86 117 142 6 6 -33 118 23 5 111 8 132 57 87 70 -46 113 225 54 269 -20 200 3 17 174 102 138 15 174 147 84 52 181 156 204 128 115 161 68 206 267 224 56 73 79 54 162 153 -1 100 -69 5 -34 43 8 214 74 72 205 75 135 214 -7 165 44 36 -14 159 58 121 248 253 105 148 282 118 143 176
-6 115 -48 30 69 47 105 78 170 196 143 -25 77 162 46 193 195 -4 165 149 106 152 73 147 127 140 108 137 53 74 1 -62 78 132 9 44 124 3 135 180 101 128 86 44 197 -63 157 150 151 144 147 150 192 48 37 262 -35 177 166 86 164 79 112 27 128 48 52 85 -43 204 15 71 12 78 74 135 72 -35 91 198 154 21 68 110 44 -36 142 63 56 57 62 112 211 12 102 -73 196 64 131 195
187 122 199 156 62 129 21 132 229 284 187 93 124 257 132 179 192 54 64 90 268 27 150 36 56 300 156 132 16 152 119 188 199 38 43 166 50 139 108 68 146 10 86 103 138 191 150 100 54 164 46 242 130 117 187 52 43 -10 67 22 -55 -30 -20 47 123 215 152 28 24 -12 67 177 198 190 154 171 113 156 142 84 -47 224 99 148 9 164 105 195 96 135 26 -53 -52 -131 40 142 140 206 164 37
196 3 96 80 212 227 175 61 113 204 115 273 18 123 35 90 181 133 133 43 -69 139 97 46 15 166 6 245 111 77 167 248 60 192 8 117 70 127 -31 75 -28 95 65 143 162 202 179 208 -15 195 102 212 81 166 -9 131 196 2 86 171 53 72 59 188 176 312 153 40 92 56 228 179 126 205 200 62 191 67 244 128 91 75 65 197 21 257 85 127 259 254 242 73 197 170 200 258 119 98 -84 14
154 123 59 164 72 191 164 142 56 196 179 76 77 27 72 172 -3 -20 204 51 -41 149 -101 122 34 -17 180 72 114 -24 136 -63 96 -11 80 244 6 242 188 181 51 -21 188 169 53 219 71 149 48 113 65 5 56 147 27 126 153 122 104 118 168 208 306 36 41 125 36 200 36 209 278 38 55 219 182 242 95 121 89 114 286 37 199 121 49 67 -26 -1 -3 138 58 55 184 44 108 183 -9 106 -70 93
77 199 37 47 18 20 62 24 -5 40 79 143 97 115 179 139 189 184 178 43 264 86 153 98 86 19 193 -72 137 77 129 52 42 -44 30 -11 118 139 158 65 79 19 134 76 77 108 82 131 163 12 151 7 49 103 72 214 138 73 -65 53 12 35 -54 50 26 152 30 -35 134 31 140 25 201 92 62 141 79 124 -6 56 111 133 83 194 173 3 40 41 132 68 127 144 142 256 210 137 160 -52 215 80
78 -14 -30 78 20 -84 -142 33 19 -103 19 -36 59 100 -45 79 118 209 19 109 200 89 225 -54 135 64 71 74 80 -60 97 73 -6 95 45 75 59 -4 75 -24 -75 -28 -23 210 160 237 16 214 196 197 113 244 160 93 83 41 259 49 222 69 68 100 37 184 139 -24 46 130 108 43 16 205 96 242 157 -1 83 39 1 160 157 79 49 174 89 70 266 166 30 116 -79 147 -2 161 237 127 192 207 229 207
141 93 51 -42 187 90 149 121 156 -26 90 15 -5 183 -54 168 23 40 168 -9 28 102 129 -59 152 83 220 236 148 80 162 81 53 4 216 166 33 88 45 12 84 75 3 38 104 135 72 116 100 146 -27 93 140 203 -26 125 196 186 186 14 292 152 144 12 -4 147 227 121 108 185 48 189 41 203 0 -55 140 -68 48 231 216 62 -11 7 91 36 205 145 52 74 -75 79 54 131 -40 139 70 51 80 139
61 119 132 98 208 181 203 255 92 186 198 83 93 177 204 114 251 8 165 37 8 90 89 106 21 159 117 94 88 219 93 55 126 180 -69 42 -5 2 134 205 190 268 213 48 105 71 67 -80 157 99 -5 171 62 101 186 243 92 56 84 127 128 110 181 156 69 123 114 62 136 -32 90 -127 84 -28 -30 5 109 137 124 -2 44 214 10 -7 124 84 -39 103 143 91 136 143 64 175 160 70 243 78 39 18
57 203 5 160 167 251 6 158 104 79 61 158 93 21 178 24 151 89 96 92 16 202 137 193 14 80 134 129 115 126 52 150 57 211 229 84 197 242 208 333 27 185 83 216 230 115 82 -58 107 132 19 -38 137 80 144 32 -6 6 98 189 -21 80 -4 54 49 53 14 66 100 119 154 133 185 91 174 176 175 111 70 140 14 -20 3 146 97 113 77 199 124 192 177 195 119 89 -35 61 186 28 145 103
136 142 63 62 -21 198 41 111 91 68 97 -44 139 111 141 66 -38 218 118 52 -30 62 106 -21 295 -23 155 284 103 252 112 -5 107 49 107 64 68 97 34 240 68 26 -17 99 59 148 191 216 214 194 63 165 -64 -60 2 -68 -26 112 87 -19 130 66 56 -19 162 69 18 227 52 268 178 94 203 224 317 101 194 168 42 248 2 96 120 171 172 146 -13 129 67 105 239 -63 179 106 41 63 -12 -29 -49 160
118 184 73 121 147 58 200 -75 201 -38 162 -43 5 57 208 132 317 13 60 118 86 36 162 -1 205 56 76 -57 166 78 105 59 251 61 129 113 23 95 26 22 81 45 124 8 192 114 260 234 340 226 240 209 193 -18 103 -19 198 119 147 73 31 196 48 121 227 266 122 193 129 239 85 309 177 234 75 20 193 -18 109 157 239 175 172 269 208 235 140 63 180 64 101 109 100 -36 164 156 106 208 168 108
37 -36 36 24 -30 50 19 124 84 139 151 151 86 142 26 66 114 -37 21 151 133 165 149 31 198 69 66 146 112 39 -18 22 77 118 -16 144 125 11 233 169 224 52 167 20 195 0 5 54 39 23 39 30 -16 211 127 227 162 178 -46 201 42 144 -49 24 -64 145 208 97 38 -74 63 -18 50 127 46 107 51 110 -9 -52 97 52 144 205 207 -16 173 -9 134 112 -76 175 -20 147 64 260 120 252 73 156
40 39 78 62 103 126 -17 298 82 232 76 172 99 -22 36 103 139 220 257 153 196 51 135 36 153 59 6 75 59 168 136 61 90 57 3 16 168 85 113 289 145 202 89 70 -9 152 163 42 20 -158 59 108 82 217 103 243 56 114 138 87 27 145 69 130 -31 139 75 124 126 112 76 -33 139 136 61 180 36 199 175 43 126 -14 70 -74 143 -18 -56 164 83 44 298 42 279 185 37 318 210 259 -20 146
206 35 208 105 256 120 37 18 -31 166 -24 10 84 -48 63 77 127 129 256 35 156 66 49 58 133 148 24 53 -21 -78 192 -27 227 -63 85 59 81 134 -5 33 17 46 78 89 155 118 116 116 173 127 104 -90 19 0 63 81 202 49 237 151 23 69 62 79 145 6 28 192 54 102 40 108 131 180 139 86 102 -32 293 49 60 88 -9 193 45 121 27 148 192 167 247 188 195 12 144 138 158 67 104 156
175 133 267 134 134 160 49 172 85 186 94 40 115 109 24 -48 95 45 23 180 -3 -44 76 -5 134 210 164 114 84 94 99 173 113 108 171 166 5 233 -76 127 55 26 41 9 128 191 -80 78 14 240 141 165 92 -13 144 -44 31 38 81 119 276 62 209 192 184 174 115 5 -61 193 -59 212 92 56 204 72 226 -26 96 111 65 115 38 149 66 101 205 178 16 256 -69 70 27 -36 129 -27 146 -23 91 -65
15 162 -25 139 -39 242 37 153 91 122 67 70 243 143 118 214 4 202 29 225 95 115 28 74 135 104 156 221 202 221 37 195 54 245 268 87 317 147 113 217 31 194 100 182 199 145 104 -3 165 154 171 242 230 134 112 -48 85 8 49 26 80 195 136 129 117 43 56 124 195 91 61 95 81 115 204 73 169 56 18 121 41 223 251 218 63 157 55 151 217 91 54 139 133 89 37 211 23 209 122 139
8 -48 -16 164 48 160 110 91 87 113 144 71 28 92 144 227 86 -17 82 142 89 232 63 103 90 102 167 141 290 161 170 35 41 109 -31 151 59 3 145 -64 58 185 252 306 274 96 159 54 -7 110 84 85 62 88 82 198 52 124 82 107 57 70 189 67 62 85 33 43 213 226 108 35 138 108 162 154 118 172 -2 98 114 -2 218 165 45 165 100 6 146 -82 300 152 113 23 -36 -23 207 -46 74 159
142 140 104 46 55 -18 134 117 55 162 134 167 84 193 57 120 77 181 159 223 260 149 166 180 213 325 188 147 121 159 141 58 225 152 139 107 -16 159 118 69 159 9 112 10 75 127 -78 133 -19 -9 11 63 69 206 59 112 57 271 245 91 208 38 104 226 -18 163 93 123 38 -41 -20 123 -4 -21 -37 161 -20 72 114 39 84 20 20 65 81 60 -12 124 38 212 103 57 118 123 77 113 43 95 140 47
10 168 121 59 24 132 99 150 39 60 185 15 104 105 39 98 134 2 134 154 147 77 64 64 75 16 102 106 17 -19 28 43 158 74 114 35 67 170 212 94 140 75 47 9 59 38 48 99 197 1 198 136 240 -18 -12 100 149 79 69 132 85 12 24 -96 198 139 208 -19 137 78 169 140 220 78 171 -28 201 156 44 245 62 229 172 197 23 15 20 56 13 207 -22 26 147 24 124 200 172 241 -38 130
75 118 130 88 75 148 99 71 41 133 144 11 202 41 249 117 183 41 39 98 226 22 -17 76 36 -37 61 -77 -35 53 8 62 -53 192 35 -109 -39 116 164 115 128 128 -2 186 28 33 134 75 24 9 74 94 146 162 89 101 -51 -34 81 170 12 -31 -4 158 251 242 18 228 100 178 89 125 104 90 94 38 81 22 119 77 114 203 291 21 30 83 212 -72 286 27 219 6 104 -50 -9 125 179 143 146 130
176 28 189 64 132 212 250 175 199 117 36 105 48 116 228 218 162 -39 64 -20 54 -25 96 109 10 104 31 122 102 211 100 -44 44 99 126 142 103 137 118 235 79 121 92 74 262 16 130 -58 -53 -9 110 22 -5 215 128 132 124 103 49 95 85 123 57 -9 60 85 69 197 105 126 96 63 93 136 101 129 116 112 243 128 102 26 64 39 130 186 110 128 91 145 107 155 67 -11 156 -39 69 9 -23 107
-46 156 -18 166 116 -9 91 45 17 -30 -35 130 135 -4 157 31 216 -1 37 -88 40 56 99 36 205 159 111 69 113 132 114 75 111 116 188 224 232 239 170 154 21 -50 197 72 169 116 -2 171 106 174 126 39 76 78 202 25 26 182 178 13 99 243 121 9 -67 -5 79 88 120 144 264 149 101 126 -78 135 -22 92 182 68 -1 -26 -27 153 84 266 24 122 -35 259 88 206 107 233 94 83 49 92 28 75
104 128 147 90 245 77 65 -125 19 35 134 150 179 202 93 97 -61 244 166 214 136 100 98 91 243 57 94 11 123 -12 66 223 -1 206 63 91 -13 61 34 51 103 113 153 125 -9 156 123 195 258 74 164 167 134 219 136 97 -23 243 154 62 -1 103 44 187 99 189 126 133 37 213 175 32 60 132 5 128 128 13 38 -33 76 148 135 145 138 -9 213 70 150 -21 155 202 6 206 -40 199 -46 99 160 49
191 291 23 149 135 76 136 193 149 139 141 20 54 98 70 120 63 -24 236 74 159 13 144 69 -33 33 49 234 27 136 32 -70 30 209 163 148 10 -22 132 0 110 95 47 17 109 81 157 63 243 -21 -9 125 63 85 160 176 108 144 45 182 78 99 234 -12 174 140 132 66 68 -79 106 188 158 180 178 179 141 9 147 157 142 -47 195 39 91 21 235 90 188 11 84 -18 61 122 114 28 161 195 44 90
74 -39 15 81 -65 -13 156 147 125 35 -21 -1 65 63 12 -11 194 60 13 126 -64 199 133 101 166 59 83 144 208 117 105 196 14 170 42 105 218 146 140 188 16 164 87 191 104 164 104 21 192 22 160 131 204 211 113 75 12 52 213 -92 165 135 217 215 94 131 190 80 140 -24 75 32 153 10 202 75 171 199 110 81 126 128 44 142 51 101 -65 13 0 68 136 58 83 163 206 274 73 122 91 -32
147 -4 123 26 243 61 18 137 137 41 2 170 149 73 181 123 -23 156 28 179 225 213 213 168 178 104 72 76 63 171 171 53 92 43 204 92 107 139 159 159 -38 200 28 208 126 189 77 103 14 18 -43 161 28 77 41 216 70 84 124 67 174 118 96 -14 57 85 201 226 159 197 64 84 109 99 56 98 109 157 49 240 16 240 238 181 154 167 11 130 83 123 29 195 164 105 69 187 31 0 50 26
154 264 138 81 180 57 -24 206 -16 113 16 91 130 143 169 107 27 54 55 174 162 29 275 223 68 177 120 100 54 -54 230 48 155 31 190 -7 125 -55 137 45 173 104 59 53 96 31 31 223 -14 120 173 41 80 116 -46 37 131 175 263 141 201 90 93 175 -95 69 -57 56 81 116 166 182 92 175 1 11 98 46 27 25 123 149 173 48 104 182 131 179 273 160 88 92 51 105 108 12 230 172 -40 79
65 107 24 211 93 133 172 197 177 136 109 18 104 188 0 113 210 115 134 53 177 78 248 12 100 -7 156 29 139 104 14 111 188 210 159 115 118 213 240 157 209 92 41 225 184 273 205 224 65 147 118 84 106 116 90 21 -39 46 5 107 38 178 43 296 43 192 125 -2 -37 192 104 173 107 70 5 158 147 -1 118 78 45 147 176 7 176 26 81 78 148 -11 191 66 227 96 161 198 204 207 27 126
114 -44 258 210 102 191 55 69 129 206 81 237 180 135 187 141 186 178 229 136 197 126 24 12 109 -38 34 118 102 208 158 22 170 226 214 194 53 140 189 129 145 85 78 129 111 59 62 60 238 124 113 235 217 55 347 10 142 30 -71 144 145 -14 123 26 128 12 133 68 152 146 1 196 54 44 30 173 4 176 204 144 163 222 196 109 210 212 160 247 79 213 106 62 -12 89 32 148 -10 71 54 113
121 55 -24 -63 35 9 9 106 82 -29 101 255 67 67 167 -63 -26 -13 -23 70 6 2 -35 18 134 33 45 131 -8 232 100 89 12 74 17 56 183 153 -3 43 -8 131 255 139 56 104 -4 20 77 109 16 28 -39 59 41 122 231 230 188 61 215 78 100 15 100 41 97 36 198 100 208 86 194 148 128 133 -25 107 42 150 162 92 59 206 70 58 116 34 176 99 191 162 139 -86 46 26 172 39 143 38
60 206 124 102 -8 -5 90 140 176 250 39 97 -42 277 74 227 86 149 -30 110 82 132 150 34 154 -33 235 39 119 72 35 189 -78 41 -51 -7 23 55 116 -29 60 -27 38 99 110 75 175 137 121 -27 90 42 74 54 43 70 176 93 67 122 85 61 0 181 97 233 142 91 166 279 178 44 278 95 155 85 62 136 132 67 -119 43 101 -22 -25 37 139 -15 139 71 -4 39 199 61 39 134 176 -25 38 132
55 54 258 218 42 147 56 89 72 69 69 46 99 139 102 107 48 207 221 233 158 146 33 174 158 48 92 16 241 116 236 38 163 121 215 -13 132 218 103 231 138 23 65 90 194 74 227 224 54 109 166 59 209 80 222 -3 234 10 84 77 43 141 -34 117 96 89 41 86 16 -66 81 101 82 153 126 134 107 -21 -19 154 -58 225 -88 228 94 141 71 223 7 221 168 107 208 92 107 115 189 157 164 -31
9 159 36 114 232 5 -22 125 46 -74 196 31 200 -67 -31 120 36 114 195 113 14 55 8 108 1 109 40 202 25 96 195 183 121 83 95 157 115 229 66 318 217 73 62 156 66 60 99 15 153 157 60 268 135 154 57 65 -19 96 45 136 31 131 120 -85 148 72 0 64 111 -23 71 45 -21 245 75 226 -32 156 128 59 201 102 229 201 108 208 45 -15 140 168 202 156 128 150 125 6 120 192 149 41
136 102 57 120 27 58 116 50 152 122 98 191 26 267 75 179 83 -7 153 47 218 50 -35 99 52 268 -21 226 95 -29 81 43 -6 60 9 34 180 99 67 30 12 84 91 47 182 185 172 152 70 35 51 22 163 122 38 81 130 82 51 127 125 -27 198 218 72 177 188 133 207 170 238 220 198 68 89 236 46 208 241 152 193 -15 19 -43 174 -66 45 19 171 -5 79 21 -4 69 57 123 150 207 166 166
239 180 216 182 169 255 225 116 40 182 168 90 153 183 140 225 193 4 23 3 122 101 220 149 297 19 165 10 92 49 88 74 141 -3 119 83 155 98 67 4 234 154 63 123 222 192 103 147 69 165 128 99 136 63 101 119 182 -52 202 191 78 64 81 142 132 201 111 200 72 178 65 52 60 -19 95 58 105 0 138 164 59 119 13 143 23 56 207 151 -12 24 82 -40 88 95 146 67 -6 66 149 151
121 105 115 71 69 63 -34 139 -38 65 112 -28 31 28 162 63 101 78 164 173 116 256 133 149 205 -9 235 47 65 167 150 120 138 141 117 20 224 159 148 97 80 63 71 -42 -75 105 6 129 247 176 153 50 120 -38 -7 190 152 151 172 216 76 -23 172 197 311 237 237 2 218 164 25 97 -25 5 96 -11 162 15 231 14 103 -21 203 57 123 117 224 58 245 124 137 194 156 10 157 165 -5 103 170 11
62 9 118 78 61 119 123 105 134 136 157 56 230 32 65 3 -77 65 26 119 163 97 -31 123 78 41 40 108 137 252 93 43 233 181 186 218 186 93 49 188 22 123 77 168 75 76 78 207 169 33 310 82 193 254 58 66 43 162 103 25 214 75 195 146 90 220 97 157 113 77 47 188 195 214 154 235 152 218 168 137 105 123 129 149 145 118 -50 146 95 53 266 49 126 191 148 160 204 80 196 275
32 140 -42 65 89 151 116 107 94 127 115 152 76 86 33 162 -31 140 27 124 143 111 61 29 105 43 117 201 43 117 115 48 216 199 302 159 91 217 78 165 192 83 173 278 163 214 139 76 -1 144 -60 136 7 102 18 136 83 113 137 66 -30 49 -91 58 -28 141 57 253 -3 220 -42 83 271 100 128 57 -50 139 25 100 49 111 58 179 167 156 11 111 146 28 160 36 205 78 141 98 208 103 92 204
76 -71 115 15 170 107 127 -4 -32 -43 -26 19 26 -45 57 40 172 25 54 88 254 229 176 147 125 -12 -11 115 -1 93 70 80 125 104 70 79 95 185 -21 227 27 -27 109 86 231 167 -5 221 -35 136 -25 9 9 121 153 99 232 152 24 153 81 52 -69 0 42 26 24 -37 85 98 24 188 -8 65 -2 87 112 169 8 -20 136 9 145 144 180 209 46 309 -62 221 80 125 211 169 249 23 117 -19 141 5
105 195 198 329 286 185 152 116 72 -21 98 37 160 126 181 26 140 125 173 77 197 71 80 125 196 47 143 70 -47 259 -73 255 -44 104 -139 85 40 125 177 70 80 -88 56 -44 -38 111 102 -68 169 -37 201 5 39 248 113 138 -13 118 -5 196 29 205 249 134 5 103 -11 22 -5 142 286 187 93 76 190 65 1 91 -25 162 -10 111 54 246 141 77 6 -20 20 180 25 297 42 141 93 72 179 -60 161 123
158 208 132 104 -7 195 12 88 120 111 -50 200 184 122 140 59 203 93 30 81 74 -57 168 88 128 92 99 160 142 56 140 12 57 199 -3 203 86 98 120 85 81 201 110 144 187 97 180 138 157 129 153 209 38 4 52 108 -31 171 175 137 193 -65 155 79 163 56 271 90 196 139 64 26 139 47 94 240 174 177 132 188 57 254 112 26 126 58 31 -11 172 30 66 30 118 24 -120 119 106 59 255 52
135 83 43 -48 -2 108 23 227 24 105 193 291 110 143 37 82 40 202 58 -72 134 -8 11 109 48 -7 -26 136 64 -19 182 64 114 -6 161 75 61 130 -1 31 224 96 144 152 219 44 64 -10 -50 50 141 7 150 177 206 113 112 78 79 139 76 84 147 102 240 59 212 203 179 77 146 116 73 62 36 0 214 152 109 107 140 88 -14 82 197 95 280 55 113 156 189 99 194 177 -4 160 19 91 47 20
156 206 180 200 184 52 138 -40 57 62 48 27 121 123 173 144 -5 121 -9 26 118 266 161 273 109 87 49 48 23 208 9 104 76 -22 79 -31 155 55 263 23 160 112 14 52 11 130 52 122 187 173 135 81 81 179 86 92 88 -51 48 160 53 201 1 166 64 268 70 202 -20 97 198 63 100 -105 76 101 125 29 117 114 72 43 47 147 148 177 219 169 195 197 -11 105 12 172 182 211 55 200 140 79
173 146 281 280 137 76 95 175 112 120 143 77 -61 5 207 56 198 61 70 188 -12 87 42 183 108 131 124 97 210 -48 139 -2 126 5 -22 71 50 106 165 197 57 94 168 111 40 17 176 66 143 99 42 209 83 -38 5 -60 106 -14 60 -75 234 66 90 133 105 244 137 145 210 139 202 51 67 125 109 223 23 105 39 150 160 -27 157 107 108 194 19 99 162 108 147 182 39 -41 225 97 85 157 -46 75
-44 175 -27 63 161 77 111 199 75 121 54 118 24 98 89 160 89 254 108 133 247 152 79 69 97 100 116 17 210 -16 192 177 211 171 218 37 34 164 93 190 180 51 0 24 206 69 75 266 -96 211 55 11 85 62 153 0 140 230 93 208 -1 200 95 31 61 -11 83 152 238 111 131 114 184 223 108 114 1 -35 -43 60 190 42 95 92 38 -61 108 -103 -48 -10 32 203 37 166 79 -11 17 -95 59 99
26 146 80 166 196 181 39 -7 15 42 130 -24 225 85 -34 148 56 1 146 94 105 65 77 103 172 82 170 215 95 240 153 130 76 111 70 94 156 26 80 30 79 63 150 204 138 48 41 188 114 149 75 123 137 72 130 217 177 212 26 192 129 108 58 79 123 182 216 126 112 250 8 294 43 121 177 -70 58 33 24 162 -65 38 210 131 230 23 177 177 67 125 43 -1 37 40 213 168 156 -61 167 -24
112 2 161 173 71 33 72 101 102 49 -69 169 39 130 204 92 200 164 1 44 -24 173 167 100 107 83 61 233 29 137 69 142 140 5 149 32 57 193 76 -45 87 185 74 248 184 188 212 -54 158 125 111 112 103 300 129 352 276 65 206 91 231 -72 93 79 37 25 176 29 157 -40 68 -24 39 153 -25 212 207 192 221 2 234 41 99 88 156 150 121 141 120 103 82 172 116 133 132 97 1 169 15 258
122 11 -38 113 -20 145 45 247 28 284 -9 144 182 7 330 158 156 65 0 11 87 180 -19 128 131 40 103 -48 229 40 162 94 110 91 99 149 63 5 197 211 178 138 87 84 94 62 182 49 97 243 174 245 172 63 75 -39 44 78 275 292 108 268 136 111 112 160 -6 236 173 107 113 158 65 223 142 75 129 225 112 59 183 45 130 -44 -33 113 57 218 27 36 236 197 77 188 46 156 48 211 -5 223
104 131 188 -5 259 153 241 -31 11 144 -19 -56 72 0 55 27 3 68 74 -43 97 79 -26 116 4 -45 -2 -35 34 196 219 169 167 4 10 52 160 67 139 144 171 149 116 71 83 171 -101 259 18 49 74 166 40 66 -3 -9 27 -19 36 77 79 149 60 195 99 131 52 59 94 80 210 280 130 219 -59 138 -20 60 100 176 -2 122 34 225 159 119 41 148 125 179 221 51 80 62 34 208 233 232 144 98
31 81 150 127 167 105 157 76 32 62 72 117 5 212 92 183 127 121 121 107 263 156 301 135 252 186 123 188 177 182 233 148 9 194 7 123 29 49 191 73 126 209 76 90 116 153 30 189 -42 114 73 158 103 192 82 278 123 175 64 2 65 -6 215 19 196 27 173 153 97 185 80 45 108 124 225 158 280 112 250 -4 191 161 41 217 83 28 11 113 140 74 -40 148 163 152 299 -42 184 36 95 207
-76 188 -137 69 -103 75 176 123 299 94 204 225 229 121 94 124 100 133 -31 140 -28 124 20 143 116 173 144 201 -13 185 97 156 97 119 231 -47 60 38 -5 63 56 115 200 155 62 82 71 84 58 166 107 123 152 129 173 290 75 202 -14 195 44 191 48 149 -1 206 90 160 82 167 4 -6 74 -15 279 28 108 61 125 106 224 83 85 2 88 81 55 96 -38 205 89 115 175 39 -2 -3 131 -68 111 -10
179 69 17 118 88 115 60 51 78 14 186 177 96 62 112 -65 -36 -61 -35 54 21 -8 154 145 -83 169 -92 126 123 167 245 80 221 10 256 -30 186 -27 121 126 225 83 173 117 41 205 183 153 80 158 42 212 152 152 58 72 61 142 16 91 195 213 106 -45 105 14 119 36 284 -59 109 29 86 -3 141 63 187 -20 142 203 159 -7 168 0 75 151 151 121 102 96 54 214 81 19 51 220 164 80 144 16
165 112 192 202 -6 89 7 117 16 134 143 -53 139 -17 89 40 75 97 219 162 110 26 112 240 121 119 167 66 87 59 265 85 192 33 95 202 23 48 134 4 7 27 23 184 18 137 243 -19 130 70 60 32 70 141 99 48 -27 -112 105 118 192 188 63 -63 80 67 28 161 56 97 36 195 159 236 19 104 133 37 126 109 36 207 167 252 189 144 39 243 199 132 312 -27 55 94 115 -36 -8 61 -34 213
253 64 90 200 -40 157 147 176 156 286 170 176 79 21 130 213 186 211 34 77 47 163 120 214 157 98 290 202 140 120 60 274 95 174 51 235 106 178 57 99 70 239 226 248 45 12 48 135 34 213 235 187 164 163 55 111 199 108 214 208 195 66 115 86 125 174 26 29 87 34 96 119 129 72 55 96 71 93 47 58 4 38 23 46 34 133 45 -45 178 70 133 117 69 140 178 -14 122 110 185 123
108 60 48 40 233 165 107 231 74 274 133 60 42 58 187 276 85 103 1 132 106 107 96 0 65 -6 181 102 90 67 120 220 39 168 179 9 183 139 9 225 118 68 111 62 48 187 113 258 111 253 183 106 125 238 293 127 239 200 24 159 54 2 2 128 166 30 181 41 191 32 88 12 114 30 151 179 100 102 171 166 77 153 150 142 165 121 120 -66 103 16 -87 155 83 272 163 118 22 177 87 104
25 142 3 -93 231 12 164 -16 93 -83 208 129 123 223 257 196 125 -3 264 37 -12 126 26 -58 92 -30 154 13 67 -5 134 102 244 91 43 87 99 151 72 66 108 45 221 45 247 38 231 215 156 -86 147 82 -9 75 5 81 70 -27 13 116 -60 78 152 147 64 188 13 144 100 176 39 137 -60 86 -30 1 -31 174 41 -3 247 168 151 201 124 197 60 10 77 -30 91 122 25 71 96 211 156 204 78 193
195 164 204 17 211 105 188 186 139 47 220 204 27 113 -1 28 138 -44 155 48 90 61 144 124 141 65 159 37 -23 183 164 91 145 93 -54 226 40 96 -38 46 7 68 235 57 154 -23 8 5 144 67 229 68 15 50 -2 128 78 128 165 10 -12 157 -3 88 85 124 96 44 99 254 276 214 240 23 163 77 76 -6 101 -25 98 207 51 186 5 165 -6 -44 157 143 316 43 122 8 127 103 195 38 173 153
89 66 64 172 34 93 161 159 75 123 24 112 -7 -16 -87 17 68 -24 93 188 246 6 362 62 203 117 -3 49 144 -9 93 18 115 102 62 45 93 89 71 103 135 -34 -135 54 47 49 13 183 37 132 202 35 248 38 149 199 272 165 208 130 123 106 123 42 26 189 180 152 209 120 165 129 133 232 25 141 113 135 71 116 18 -13 59 39 164 5 226 87 151 178 232 110 190 67 -1 204 -40 -23 71 -52
23 118 53 41 -21 117 14 56 -31 138 4 -66 159 49 273 169 230 193 127 180 -18 46 169 8 70 -19 151 90 120 44 133 16 51 64 160 124 196 57 40 106 137 235 30 219 103 255 176 180 64 14 80 12 100 53 46 58 35 160 50 42 46 221 98 51 2 145 203 297 38 2 89 -4 -56 -55 128 139 228 42 151 156 160 30 104 -111 119 32 170 72 26 165 -57 75 -102 182 -38 112 12 141 -3 187
158 216 165 147 49 67 47 119 61 115 201 72 145 52 268 69 155 158 132 231 38 77 91 36 119 185 62 111 183 225 133 67 59 29 100 104 136 151 42 15 27 112 12 158 5 66 205 95 80 56 151 -26 -24 107 -61 -54 277 138 260 166 122 35 249 116 197 51 15 -3 39 154 115 217 176 28 194 56 131 238 80 237 164 140 178 23 80 155 129 27 36 -117 33 80 138 154 185 29 108 145 210 198
31 72 30 127 143 -9 52 93 131 62 246 282 117 84 116 95 -9 -13 139 43 94 215 140 121 141 51 117 174 236 280 56 210 105 3 95 126 230 12 268 9 271 -57 70 53 -71 145 156 131 103 31 62 73 48 106 98 38 72 117 143 74 200 -14 197 92 191 96 -45 180 163 77 194 42 54 105 93 74 118 174 186 185 228 48 125 164 103 211 180 235 210 249 237 117 103 -48 188 -25 190 81 200 125
70 -42 1 77 51 178 169 256 52 190 42 -16 141 107 195 135 69 109 56 -25 183 -31 77 75 30 35 26 -4 76 185 313 95 59 76 156 40 54 103 36 16 258 75 250 82 237 176 217 89 33 66 -61 191 110 214 -16 6 58 -3 -4 34 115 263 45 6 97 -19 21 152 127 63 -27 93 142 196 140 193 52 151 163 -31 17 2 119 201 -36 224 1 118 124 134 135 170 210 65 105 118 35 229 75 99
2 -2 216 22 220 230 146 40 44 76 84 16 174 53 196 249 41 193 -33 -21 120 -48 17 39 177 -72 168 6 129 65 0 7 190 -30 92 125 -62 216 140 94 139 56 22 199 94 166 207 120 -9 178 74 174 202 70 94 130 75 78 10 185 73 88 142 -55 21 41 11 131 90 -14 9 209 62 247 197 193 111 20 133 230 -76 158 120 150 38 41 -31 90 -23 -6 15 18 10 107 87 165 6 -46 69 52
171 121 113 47 153 191 86 71 35 -23 75 122 106 195 -10 80 115 -77 5 54 -35 94 104 113 147 231 86 160 -32 193 -118 144 10 207 64 121 53 68 5 100 79 14 135 201 -8 104 -4 25 53 -70 183 152 170 135 170 -24 157 131 -43 132 34 -22 186 93 74 178 144 67 78 156 64 218 -18 196 94 60 182 92 62 237 142 156 92 121 138 162 225 92 204 -39 40 103 68 9 -9 -7 104 156 61 -22
196 172 137 -1 78 124 133 187 209 125 70 142 26 191 -71 59 -2 209 197 240 235 311 47 220 -10 264 -1 140 86 -90 129 148 115 188 97 102 58 66 10 172 116 142 -56 161 25 -38 178 62 95 197 188 183 101 88 171 102 178 19 126 96 103 84 111 85 200 101 48 89 91 224 31 124 22 123 -96 -25 49 56 39 85 218 23 273 142 157 38 -9 66 13 194 187 93 151 63 27 33 -26 131 131 64
-18 252 68 56 -67 -111 157 87 223 226 218 162 224 100 134 141 160 66 190 87 57 -2 71 25 153 -18 280 76 206 124 180 2 52 104 112 150 150 138 120 56 191 88 245 80 44 117 49 258 83 282 163 92 134 155 -98 195 86 151 175 203 31 206 -53 105 64 83 63 22 126 98 94 82 45 117 198 112 128 115 50 154 7 130 14 59 -63 88 -31 116 -18 107 -45 -23 10 -84 131 121 189 120 45 40
107 186 153 176 134 119 69 77 51 188 216 138 296 99 139 217 208 12 214 38 -12 127 71 149 8 106 58 147 -43 321 32 105 163 177 91 210 142 33 244 -84 50 34 145 97 100 62 150 -14 279 104 -14 115 3 164 18 219 163 179 118 -35 225 -61 171 200 155 82 0 29 39 48 308 2 255 186 227 157 190 191 135 -140 186 -60 118 108 -38 129 213 74 189 48 58 69 121 98 228 65 155 79 182 -8
65 165 226 153 46 278 69 179 57 -7 11 106 -14 157 107 126 167 116 87 80 227 68 102 153 42 77 112 107 79 107 70 279 159 142 64 112 240 -43 217 -11 71 161 -54 199 229 37 179 68 151 105 49 157 112 219 143 21 -9 100 175 126 206 71 237 15 88 36 -91 24 47 10 170 67 89 12 74 215 173 257 184 159 103 219 247 266 165 218 248 45 148 14 165 182 86 219 15 109 97 197 78 36
21 36 -14 93 20 -102 177 179 10 144 -35 64 -18 -33 78 -32 33 50 43 141 178 39 193 -51 243 14 256 10 148 134 126 74 139 91 111 225 16 153 52 142 18 163 212 111 15 159 -41 171 50 124 89 95 153 -8 88 137 27 233 163 176 81 72 130 -51 112 -110 146 105 146 110 17 163 4 179 154 -15 128 38 125 215 55 262 106 113 200 257 242 49 180 108 202 -13 27 133 44 135 184 19 116 130
170 125 119 89 249 -17 262 59 97 148 112 154 48 104 -76 54 68 -36 41 54 92 233 31 137 170 41 188 156 56 115 26 39 254 153 140 236 56 206 13 97 106 63 213 258 10 151 -52 94 -50 205 164 -28 92 -39 145 106 165 166 36 78 16 91 77 160 101 217 135 117 76 119 36 228 16 163 97 83 88 -21 175 -17 134 -49 -13 -44 -22 -69 75 103 167 229 149 63 207 29 172 -1 103 127 10 44
79 205 90 151 193 119 55 120 -1 70 207 136 58 44 115 143 105 240 -1 5 193 33 200 55 129 134 168 77 155 138 28 -7 28 45 -1 96 157 93 171 191 78 -12 69 -89 115 -107 177 -3 85 133 109 200 -1 193 191 95 59 26 -22 -39 -64 26 172 292 103 273 104 205 183 -63 32 3 32 114 106 27 81 93 -26 67 103 93 22 122 124 43 173 -39 45 219 146 172 211 100 125 28 134 148 181 109
25 119 -13 89 2 7 87 74 50 148 187 182 135 147 232 222 193 135 53 -40 128 178 -49 254 131 199 -7 21 -17 1 93 25 58 65 32 107 72 172 -12 168 120 -18 139 57 196 -78 222 -13 162 43 160 106 94 167 241 48 23 95 103 77 25 136 27 46 123 136 118 199 107 195 37 107 125 84 83 141 138 129 5 91 23 125 104 101 129 83 165 6 142 73 138 86 195 74 65 84 194 291 204 189
229 -131 138 28 17 87 170 10 121 20 103 26 254 -47 185 -4 42 39 108 101 79 24 12 174 70 -57 133 24 -26 148 -37 96 107 240 188 4 66 114 186 67 170 122 -30 143 78 75 132 206 84 91 170 136 140 54 21 147 82 198 337 147 199 54 68 -45 -39 9 39 88 22 149 66 229 85 209 134 13 157 203 223 213 270 21 91 78 -42 155 -56 33 -8 200 -15 38 -20 100 -46 115 22 119 82 34
110 68 118 35 137 169 131 141 42 -61 -65 52 70 35 35 -18 40 105 8 205 101 144 30 34 175 15 113 125 248 18 244 149 152 -26 -18 83 35 85 111 88 81 93 -21 104 0 302 180 131 57 173 192 88 19 190 199 200 152 69 119 50 90 77 49 88 167 109 -32 18 182 100 53 138 26 168 21 145 40 53 97 68 93 95 110 161 236 85 111 116 29 58 8 -20 -16 174 -63 121 16 35 46 72
-37 301 41 217 -13 41 24 88 126 106 105 166 84 215 137 45 254 138 26 35 82 27 275 206 172 154 94 135 102 71 79 67 216 119 150 24 66 157 29 53 184 200 230 205 162 86 19 98 43 208 153 160 51 165 227 32 123 44 105 188 33 165 187 68 183 228 143 222 74 60 245 135 94 219 47 179 183 100 121 32 168 70 72 152 167 278 252 156 203 95 131 137 132 98 208 64 124 47 118 -16
89 147 71 86 71 -30 28 155 166 223 171 234 133 58 42 119 35 50 148 78 91 2 85 140 68 101 -9 70 107 187 -11 3 -26 34 167 95 145 58 109 137 204 114 194 66 211 -28 18 5 250 17 119 245 84 193 119 68 38 143 134 113 81 184 95 147 -15 -33 154 135 51 34 108 191 135 152 171 59 248 63 276 42 103 13 81 43 79 205 98 260 146 250 127 98 210 38 100 281 128 141 150 10
106 45 152 22 41 24 66 2 196 116 75 -26 226 171 -88 182 5 118 38 274 132 4 -55 -35 52 145 -125 97 -24 11 144 62 158 114 190 187 26 78 63 74 220 42 232 -33 62 46 -13 0 172 23 78 -81 78 121 -90 -54 -65 117 -45 210 207 65 126 8 172 157 135 124 13 6 119 67 83 38 144 183 -55 121 40 81 -66 63 220 122 189 100 62 295 27 250 102 286 34 161 90 31 123 274 30 121
7 192 111 165 8 132 19 113 114 85 206 5 116 129 182 202 218 202 150 152 93 195 124 172 95 166 318 172 204 105 129 114 226 116 226 98 244 -27 167 52 119 148 77 192 42 212 0 156 -35 -10 30 -23 80 -2 179 150 217 231 146 166 101 147 231 95 127 108 97 155 124 42 22 79 -27 -9 -33 186 132 113 17 91 224 71 60 38 18 36 93 -56 75 165 164 240 -51 -48 -71 -112 127 -150 66 92
238 74 154 3 176 155 159 190 213 16 218 -35 129 -4 2 117 51 128 237 83 120 125 85 216 125 72 22 26 -4 156 181 145 188 342 -59 142 -26 52 129 191 -39 93 57 201 158 118 136 84 97 246 51 212 184 143 209 217 166 44 138 141 73 114 67 76 184 40 183 130 -30 225 27 87 126 12 72 124 198 123 220 75 40 107 -24 175 117 -86 144 -25 207 128 46 217 104 170 96 179 150 38 196 -39
137 188 204 104 242 33 204 23 108 98 58 88 71 78 -41 51 -16 28 167 39 -13 107 15 84 -28 137 44 78 187 201 -17 70 -47 50 64 107 173 213 233 11 206 72 29 15 160 105 230 252 177 218 146 182 26 226 -73 45 6 -56 102 62 7 159 7 -51 31 101 203 62 43 106 184 170 74 46 211 127 121 50 -8 220 56 118 -8 156 134 159 158 83 91 141 150 93 117 154 171 194 69 128 74 224
50 112 27 232 -53 35 -26 3 142 193 -34 171 68 36 62 116 188 -34 128 -52 66 124 77 141 5 214 153 77 272 109 30 152 132 62 85 161 8 172 35 202 120 142 89 49 179 59 101 195 108 -75 30 -24 101 92 132 63 -49 0 109 141 143 112 206 140 135 3 98 129 214 119 54 139 -16 122 82 191 64 282 139 200 157 35 94 132 27 137 133 131 106 -42 212 63 174 -14 171 150 159 55 -25 166
-37 120 -58 23 161 30 23 117 1 81 53 106 186 236 5 190 120 273 148 157 264 171 187 158 134 224 -56 116 24 153 46 92 259 248 218 69 147 166 -5 161 54 261 211 118 124 64 88 22 159 207 220 148 197 1 132 45 178 -37 159 -44 96 106 47 330 117 98 131 -21 92 160 120 16 48 13 -7 -4 28 247 38 97 244 -5 160 219 165 152 118 139 242 -22 205 49 85 106 -7 -41 91 2 64 45
18 96 183 150 198 115 36 192 36 70 100 162 177 -9 52 126 190 328 60 130 100 -10 343 84 185 191 78 224 110 126 -67 -10 46 69 120 61 111 122 -5 8 33 18 171 93 82 23 162 117 139 42 77 81 -7 200 155 29 143 273 114 138 -39 149 34 54 96 67 137 174 171 173 118 -11 202 98 134 11 14 99 106 147 67 145 -25 212 135 122 157 33 184 78 87 137 237 78 194 -2 162 201 106 73
147 198 130 253 139 178 106 109 103 -14 -33 97 56 127 119 103 54 60 -1 1 -57 93 49 63 6 63 178 172 160 89 186 133 44 79 -101 131 80 69 -8 68 102 17 160 -66 12 -6 70 100 80 90 26 50 -41 36 188 188 193 237 26 40 111 112 93 -16 26 25 67 15 28 -48 167 149 191 183 156 240 236 51 98 98 55 213 -3 122 21 -33 19 26 95 34 -22 99 153 168 194 184 73 106 -23 196
141 90 222 -47 81 -14 171 -4 223 8 153 120 232 197 50 212 74 70 100 149 38 220 69 173 -121 115 42 -41 112 11 94 49 208 123 150 133 220 51 68 121 48 77 149 -14 47 82 12 254 -23 145 32 166 91 157 97 130 112 136 132 170 88 -55 280 126 -43 55 48 -93 143 85 132 89 122 173 196 72 64 32 157 -9 158 28 105 46 111 41 44 61 93 52 131 75 23 136 86 61 175 202 223 191
173 -14 108 39 -8 129 89 66 89 48 213 66 234 151 222 69 123 151 246 113 104 53 198 116 225 74 114 71 145 202 26 85 118 73 108 240 7 214 235 204 24 45 -16 227 -3 125 47 -19 29 22 125 137 274 84 171 102 236 244 22 155 19 54 189 1 254 90 180 51 124 172 139 159 52 58 47 86 173 56 110 16 230 61 173 175 24 123 147 93 252 190 174 96 95 97 275 -7 187 8 75 -1
135 281 65 237 -54 25 124 38 168 176 85 178 85 103 159 179 202 41 -39 117 -53 57 38 -17 262 -6 239 161 110 169 215 102 37 83 139 167 91 94 107 121 49 41 196 150 232 -19 236 69 106 71 206 14 114 144 42 164 127 108 253 94 201 185 -115 101 140 56 108 187 56 227 102 131 81 10 -52 54 70 185 52 195 172 74 200 184 99 280 32 133 109 90 20 123 133 50 89 125 -16 44 8 105
110 184 14 13 17 159 -23 222 7 144 171 55 125 -9 123 41 75 158 -56 40 217 -7 185 -19 109 63 176 58 67 -41 92 -10 59 54 99 110 70 -6 160 -51 222 113 189 86 144 240 82 54 264 154 209 163 26 26 71 44 -62 27 128 21 108 145 56 156 -58 184 73 115 143 215 310 93 64 176 -1 -6 136 30 62 177 88 77 67 55 108 -3 -13 261 -24 214 130 38 135 260 22 190 -2 169 215 58
145 91 195 87 242 -36 146 75 -6 27 167 40 20 106 168 10 141 124 140 123 147 109 110 201 25 209 131 70 -14 -72 101 104 218 189 93 25 4 -74 12 34 89 206 38 142 75 19 52 202 145 185 149 210 91 80 62 196 -15 136 2 236 106 224 164 136 91 64 97 170 -10 148 132 118 126 45 119 108 32 80 20 126 -1 213 12 159 179 -37 111 76 147 81 -13 289 -81 98 52 20 217 120 102 68
278 331 355 284 275 145 314 159 272 312 112 122 278 99 183 179 166 183 335 273 95 162 304 224 272 171 149 207 244 339 281 304 218 146 192 135 191 104 145 314 269 213 200 262 77 80 221 177 113 358 87 160 109 243 112 62 279 183 240 216 190 254 381 114 256 247 229 260 243 170 64 160 108 165 313 170 213 251 207 129 258 257 325 264 242 140 295 49 296 211 278 189 129 206 118 258 119 253 146 178